              state  reads_raw  reads_passed_filter  clusters_total  clusters_hidepth  hetero_est  error_est  reads_consens  loci_in_assembly
p_004.5s_011      7    1525144              1503542          236643             62529    0.019596   0.004518          60680             23235
p_004.5s_05       7    2806691              2779028          274106            112587    0.016290   0.003265         110276             44325
p_004.5s_07       7    1355054              1334793          212643             63359    0.018706   0.004359          61778             24711
p_004.5s_08       7    1999549              1970989          250885             95513    0.018221   0.004096          93350             38283
p_004.5s_12       7    1778074              1752884          235526             80180    0.018312   0.003966          78294             32291
p_004.5s_15       7    1178266              1162561          205616             47691    0.020573   0.004888          46128             16508
p_004s_04         7    1120244              1105604          172011             52830    0.016651   0.004023          51522             19934
p_005s_02         7     941601               927152          189200             37133    0.020036   0.005150          35795             12557
p_005s_04         7    1759818              1734785          209536             78113    0.015908   0.003352          76466             30323
p_005s_06         7     572978               571309           64182             23228    0.008927   0.001981          22907              8517
p_005s_07         7    2895403              2857988          272553            135018    0.016167   0.003533         132636             56587
p_005s_11         7     718201               715701          110593             29934    0.013177   0.003153          29228             10478
p_006s_01         7     579013               577531           75822             22186    0.010378   0.002069          21772              7783
p_006s_04         7     743092               732010          161166             26524    0.021125   0.005172          25401              8300
p_006s_06         7     954250               951722          129342             35583    0.013643   0.003099          34667             12760
p_006s_10         7    1554967              1535399          182422             71103    0.014997   0.003161          69848             32413
p_006s_12         7    1779996              1749025          227616             81900    0.017332   0.004147          80130             32433
p_006s_14         7    1011870              1008834          129572             35539    0.013827   0.002886          34651             12724
p_007s_01         7     957863               946676          177152             38435    0.019201   0.004554          37146             13322
p_007s_02         7    2004219              1983490          231410             88568    0.017027   0.003652          86604             35083
p_007s_04         7     821710               811132          148842             30549    0.014962   0.003573          29757             12068
p_007s_06         7    1415743              1392291          208361             56912    0.018883   0.003967          55400             22113
p_007s_07         7    4273167              4207678          264232            142717    0.013402   0.002508         140762             63643
p_007s_09         7    2331329              2302948          280976            108676    0.017597   0.003848         106324             43139
p_008.5s_02       7    2707720              2676682          180418             97383    0.011915   0.002445          96071             43216
p_009s_01         7    1821216              1800997          289557             68633    0.024431   0.005443          65641             22721
p_009s_09         7    1379637              1357757          207228             56692    0.018436   0.003842          55281             20802
p_009s_12         7    1307277              1293890          261325             46750    0.025465   0.006425          44290             13824
p_009s_13         7     666182               664349          119220             28007    0.015716   0.003417          27072              8817
p_009s_14         7    2531242              2499543          307167            106220    0.021893   0.004523         103069             39090
p_009s_15         7    1043281              1040569          174697             40656    0.018203   0.003966          39177             13118
p_010s_02         7    2914305              2883921          252381            126400    0.014685   0.003220         124237             52453
p_010s_06         7    2584034              2543657          221907            113365    0.013705   0.002923         111661             46978
p_010s_11         7     697572               689688          146838             27439    0.016941   0.004895          26444              8956
p_011s_06         7    2488605              2461537          265089             98412    0.016876   0.003501          96415             41520
p_011s_08         7     801499               799079           92923             30343    0.010784   0.002232          29776             10536
p_011s_10         7    1149577              1146681           84523             35576    0.008977   0.001736          35078             12655
p_011s_11         7     717358               715471          169046             25165    0.020143   0.004979          23884              7375
p_012s_01         7    1910235              1886271          272024             85327    0.017581   0.003984          83332             31347
p_012s_06         7     557076               554860           66628             22285    0.009179   0.002003          21928              7602
p_012s_08         7    1873109              1850813          218936             85137    0.016040   0.003411          83407             31785
p_012s_12         7    1316480              1308494          228359             53914    0.019203   0.004528          51866             17907
p_012s_14         7     640949               631192          160956             20612    0.021919   0.005732          19652              5956
p_013s_02         7    1399774              1386933          232176             52715    0.018384   0.004409          50758             16341
p_013s_08         7     801584               799438           51022             25431    0.007074   0.001209          25191              8620
p_013s_12         7    2103815              2075611          210049             91549    0.013344   0.002824          90165             33773
p_013s_13         7    1930724              1910357          212399             87867    0.014004   0.003133          86243             31437
p_013s_14         7    1070632              1056715          155271             49109    0.013583   0.003369          48128             16872
p_014s_01         7    1657319              1635311          197419             72350    0.014817   0.002981          71038             25775
p_014s_02         7    1718706              1696210          229895             75519    0.017559   0.003481          73849             28596
p_014s_03         7    1027003              1011736          231658             33137    0.026576   0.006461          31183              9065
p_014s_11         7    2568833              2545693          266327            108733    0.016025   0.003354         106604             46496
p_014s_13         7     760153               750084          170331             26045    0.021048   0.004751          24931              8182
p_014s_15         7    1957379              1940793          187607             79041    0.012166   0.002498          77861             35432
p_015s_09         7    1130927              1119084          192843             50563    0.016597   0.004262          49068             19219
p_015s_13         7    1168644              1163990          179720             41437    0.016436   0.003592          40050             15661
p_015s_14         7     661478               659737          101126             25315    0.012625   0.002974          24635              9518
p_016s_01         7     574079               572647           97469             23620    0.012948   0.002989          22957              8713
p_016s_02         7     603061               600622           67022             21650    0.009712   0.002087          21300              8301
p_016s_03         7     609349               608241          116351             21634    0.015677   0.003587          20781              7695
p_016s_04         7     991685               988223          153546             40197    0.014506   0.003513          39084             15194
p_016s_06         7     454463               453388           75780             16765    0.011574   0.002701          16299              6244
p_016s_07         7    2758439              2724905          272799            111036    0.015668   0.002936         108951             43491
p_016s_14         7     953661               945777          160626             36640    0.016005   0.003688          35484             13746
p_016s_15         7     170952               170411           48107              5674    0.015749   0.003395           5422              1798
p_017s_01         7    1020685              1017644          128604             37750    0.012654   0.002852          36828             13581
p_017s_03         7     532915               531234          110884             18479    0.015899   0.003665          17764              6196
p_017s_05         7     760706               758826          118406             31474    0.012919   0.003136          30604             11465
p_017s_06         7    3088163              3057911          258930            131186    0.013810   0.002960         129193             55567
p_017s_07         7     519016               510676          131250             17815    0.019449   0.005706          17014              5426
p_018s_02         7     664275               656128          151235             24901    0.019989   0.005568          23934              7446
p_018s_06         7    2127675              2110730          255157            102172    0.016940   0.003753          99813             39738
p_018s_09         7     971082               955687          181107             39105    0.018551   0.005039          37657             12742
p_018s_14         7    1749325              1730468          205632             70616    0.016402   0.003652          69075             29499
p_019s_01         7    3659587              3610951          266974            138050    0.014615   0.003110         135937             59887
p_019s_03         7    3495088              3452556          244828            124138    0.014295   0.002935         122147             52463
p_019s_12         7    2684418              2647796          225469            100838    0.015330   0.002796          99120             44733
p_020s_01         7    2435318              2402015          208568             93697    0.012210   0.002791          92308             40751
p_020s_05         7    1256230              1242926          198075             46237    0.017564   0.004274          44676             16779
p_020s_11         7    1774179              1747654          197633             72817    0.014916   0.003685          71359             29428
p_020s_13         7    3742675              3693802          271594            129887    0.014184   0.002828         127622             57194
p_021s_01         7    2409622              2374539          231295             99510    0.014657   0.003349          97633             42388
p_021s_05         7     994788               980530          198325             38033    0.019505   0.004413          36623             13577
p_021s_08         7    2164095              2135657          188718             86200    0.013595   0.003143          84867             35532
p_021s_09         7    2368302              2336074          214193             81898    0.012588   0.002629          80643             37378
p_021s_12         7    1205297              1190981          169229             51432    0.015700   0.003752          50290             19560
p_021s_14         7    2888784              2856297          267665            119065    0.015882   0.003556         116856             50480
p_023s_03         7     925287               915474          184927             32937    0.020257   0.005175          31535             10897
p_024s_01         7    2101215              2078910          185813             86516    0.013743   0.002793          85215             39417
p_024s_06         7    1108735              1097316          182324             42852    0.017836   0.004359          41399             15987
p_024s_11         7    2381123              2349889          198140             97133    0.013876   0.002790          95684             45312
p_024s_12         7    1952895              1924644          199961             86630    0.014355   0.003350          85167             37256
p_025s_13         7    2332638              2287935          173392             96828    0.011375   0.002727          95678             40081
p_026s_04         7    3063620              3023378          252670            119856    0.015271   0.003329         117752             52142
p_026s_05         7     859051               849468          173172             33816    0.018356   0.004736          32474             12067
p_026s_12         7    1234414              1231735          140456             45708    0.012387   0.002845          44633             17244
p_026s_14         7     724774               721660          115612             27962    0.014087   0.003197          27180              9963
p_027s_01         7     994059               990825          142303             36231    0.014588   0.003264          35157             13143
p_027s_03         7     592526               591090          107512             20689    0.015663   0.003604          19963              7339
p_027s_05         7    2309191              2283992          246043             95791    0.016297   0.003618          93723             39694
p_027s_06         7    1124358              1121514          119270             40151    0.012406   0.002638          39297             15393
p_027s_12         7     772410               759392          167552             28546    0.019157   0.005554          27402              9759
p_030s_01         7    1429594              1411807          211660             62346    0.017136   0.003993          60729             25523
p_030s_02         7    3450272              3402984          276409            132094    0.015854   0.003171         129870             56761
p_030s_04         7     903674               893007          196168             34199    0.017826   0.005145          32800             12543
p_030s_05         7    1495131              1465800          172045             61987    0.012897   0.003355          60909             26267
p_030s_06         7     704084               692919          161511             24231    0.020471   0.005893          23231              7574
p_030s_07         7    2449023              2425596          251876            111933    0.016283   0.003649         109800             47419
p_030s_11         7    2744770              2725796          303391            126249    0.016318   0.003557         123526             51426
p_032s_05         7    2498598              2469931          241096            112108    0.015327   0.003447         110117             47691
p_1027s_02        7     859915               850212          155604             38644    0.017165   0.004245          37584             14867
p_1027s_04        7    2050189              2028462          195254             94814    0.013166   0.003156          93334             39541
p_1027s_08        7     754990               743677          144774             30787    0.016996   0.004697          29850             10941
p_1027s_09        7    1420295              1405743          198372             66593    0.015777   0.003765          65102             26341
p_1027s_10        7    2182871              2156692          192129             95070    0.011674   0.002742          93825             41541
p_1027s_12        7    1525466              1514158          201411             66168    0.015945   0.003664          64513             26176
p_1027s_18        7     572527               566999          142497             20173    0.020048   0.005220          19134              6083
p_1027s_20        7     701657               700025           90699             29131    0.011350   0.002367          28577             11026