	state	reads_raw	reads_passed_filter	clusters_total	clusters_hidepth	hetero_est	error_est	reads_consens	loci_in_assembly	species
p_001s_01	7	311517	311211	78853	10587	0.014903	0.004471	9860	688	E.soredium
p_001s_02	7	557180	556638	84557	20598	0.01652	0.004034	19245	1503	E.soredium
p_001s_02r	7	18804	18785	6315	563	0.014018	0.002403	529	44	E.soredium
p_001s_03	7	802555	801771	56519	28081	0.007529	0.001901	27326	1055	E.soredium
p_001s_04	7	84649	84573	21783	4035	0.006922	0.002041	3902	190	E.soredium
p_001s_04r	7	4472	4464	1585	131	0.003143	0.001095	129	16	E.soredium
p_001s_05	7	300839	300528	11110	5952	0.007121	0.001532	5776	3	E.soredium
p_001s_06	7	3932	3928	1219	115	0.001883	0.000881	112	15	E.soredium
p_001s_07	7	77592	77518	25183	1794	0.02511	0.004224	1567	166	E.soredium
p_001s_08	7	771303	770571	127958	30416	0.023957	0.00601	27607	1911	E.soredium
p_001s_09	7	368372	368022	44589	15562	0.013825	0.00318	14796	951	E.soredium
p_001s_10	7	368422	368056	28957	11136	0.011362	0.001986	10688	450	E.soredium
p_001s_11	7	868288	867382	62852	27375	0.012779	0.00267	26115	1126	E.soredium
p_001s_12	7	5117	5109	1134	144	0.003042	0.001125	140	3	E.soredium
p_001s_13	7	451756	451292	54714	21630	0.014317	0.003472	20549	909	E.soredium
p_001s_14	7	311274	310949	22910	11993	0.008251	0.001846	11661	596	E.soredium
p_001s_15	7	678348	677698	110034	26484	0.019841	0.005321	24296	1626	E.soredium
p_002.5s_01	7	520194	519639	89388	19380	0.019032	0.005456	17753	1413	E.soredium
p_002.5s_02	7	70293	70216	6425	2104	0.004874	0.001249	2064	180	E.soredium
p_002.5s_03	7	144232	144091	44765	4118	0.026168	0.006138	3615	421	E.soredium
p_002.5s_04	7	909213	908272	115110	33437	0.018268	0.004446	31000	2161	E.soredium
p_002.5s_05	7	631895	631225	19175	10626	0.007097	0.00119	10296	541	E.soredium
p_002.5s_07	7	822252	821416	60206	26867	0.012058	0.002718	25631	1295	E.soredium
p_002.5s_08	7	36375	36331	9047	1409	0.007439	0.001595	1368	73	E.soredium
p_002s_01	7	496665	496144	62784	20488	0.014988	0.003693	19270	1240	E.soredium
p_002s_02	7	356471	356111	32296	12037	0.011327	0.002298	11506	761	E.soredium
p_002s_03	7	446436	445936	42199	16745	0.012016	0.002724	15991	961	E.soredium
p_002s_04	7	319457	319111	28736	13539	0.004757	0.001506	13285	288	E.soredium
p_002s_05	7	995084	994055	112144	35772	0.017306	0.004328	33323	2059	E.soredium
p_002s_06	7	910932	910037	115714	33874	0.017749	0.004435	31475	2094	E.soredium
p_002s_06r	7	511937	511428	84208	21027	0.017332	0.004681	19602	1068	E.soredium
p_002s_07	7	106234	106120	9620	3999	0.006817	0.001398	3909	304	E.soredium
p_002s_08	7	1116745	1115573	158347	43716	0.021168	0.005656	40092	2428	E.soredium
p_002s_09	7	522110	521585	102089	18923	0.020632	0.00549	17279	1483	E.soredium
p_002s_10	7	289271	288956	54098	12359	0.017491	0.004572	11468	780	E.soredium
p_002s_11	7	184803	184606	49954	6256	0.022046	0.005861	5587	568	E.soredium
p_002s_12	7	929035	928082	80873	32888	0.013944	0.003372	31132	1779	E.soredium
p_002s_13	7	553668	553103	94995	20592	0.02015	0.005343	18897	1472	E.soredium
p_002s_14	7	652162	651487	102076	25343	0.019373	0.00504	23309	1536	E.soredium
p_002s_15	7	3650	3644	1613	133	0.007345	0.002082	125	20	E.soredium
p_002s_16	7	1099951	1098817	104465	37974	0.015261	0.003968	35627	1987	E.soredium
p_004.5s_05	7	520120	519638	72915	20183	0.018176	0.004064	18776	1336	E.shockleyi
p_004.5s_06	7	417823	417378	95689	14175	0.025542	0.006938	12470	995	E.shockleyi
p_004.5s_13	7	1226116	1224847	134809	48173	0.019357	0.004415	44938	2310	E.shockleyi
p_004s_02	7	1002841	1001819	55241	28157	0.011738	0.00251	26949	1303	Possible.hybrid
p_005s_03	7	9893	9886	2473	330	0.00483	0.000815	324	2	E.shockleyi
p_005s_05	7	134330	134184	36739	4666	0.02377	0.005377	4142	432	E.shockleyi
p_005s_06	7	572978	572363	59388	22487	0.013785	0.0032	21310	1225	E.shockleyi
p_005s_09	7	148666	148525	49449	4668	0.025297	0.007348	4061	356	E.shockleyi
p_005s_11	7	718201	717479	101303	29037	0.019643	0.005003	26901	1659	E.shockleyi
p_005s_12	7	984128	983186	102687	36502	0.016221	0.00381	34277	1982	E.shockleyi
p_005s_13	7	56843	56788	4275	1413	0.003763	0.000966	1399	76	E.shockleyi
p_005s_14	7	485674	485217	100960	17953	0.024666	0.006125	16062	1257	E.shockleyi
p_006s_01	7	579013	578408	70506	21541	0.015456	0.003304	20270	1465	E.shockleyi
p_006s_02	7	50777	50715	20401	1585	0.014793	0.004503	1462	118	E.shockleyi
p_006s_03	7	163951	163819	44683	5523	0.020572	0.00512	5022	505	E.shockleyi
p_006s_04	7	70696	70627	22553	2531	0.016572	0.004047	2338	244	E.shockleyi
p_006s_05	7	8162	8155	2759	265	0.010925	0.001238	253	4	E.shockleyi
p_006s_06	7	954250	953245	117808	34318	0.020285	0.004926	31666	2044	E.shockleyi
p_006s_07	7	40365	40333	9488	1043	0.016415	0.002205	967	89	E.shockleyi
p_006s_08	7	627234	626639	76432	24122	0.016647	0.00382	22613	1588	E.shockleyi
p_006s_09	7	195738	195523	11894	4479	0.006151	0.001246	4378	177	E.shockleyi
p_006s_11	7	5494	5490	1494	171	0.007678	0.001197	164	25	E.shockleyi
p_006s_13	7	48189	48138	3416	1252	0.006208	0.00088	1208	11	E.shockleyi
p_006s_14	7	1011870	1010845	118465	34332	0.020376	0.004471	31718	2147	E.shockleyi
p_006s_15	7	811727	810891	137463	27648	0.022842	0.00597	25027	1722	E.shockleyi
p_007s_02	7	391274	390845	55459	16418	0.01557	0.00365	15407	1015	E.shockleyi
p_007s_03	7	192147	191946	48105	7206	0.018216	0.00522	6629	549	E.shockleyi
p_007s_05	7	735508	734779	116344	28089	0.020508	0.00567	25728	1779	E.shockleyi
p_007s_11	7	1070246	1069146	104826	38784	0.015305	0.003498	36613	1847	E.shockleyi
p_007s_12	7	67544	67466	16439	2875	0.010387	0.002963	2754	7	E.shockleyi
p_007s_13	7	1110535	1109415	71202	33279	0.01597	0.004562	31407	14	E.shockleyi
p_007s_14	7	109633	109535	32133	3984	0.020264	0.005614	3598	358	E.shockleyi
p_008.5s_06	7	1168952	1167794	93994	35720	0.01552	0.003135	33712	2099	Possible.hybrid
p_008.5s_07	7	3100	3097	2240	35	0.011384	0.004421	32	13	Possible.hybrid
p_008.5s_08	7	280246	279983	38817	11757	0.012992	0.002887	11173	683	Possible.hybrid
p_009s_01	7	303239	302936	52303	11558	0.018615	0.004189	10693	720	E.shockleyi
p_009s_05	7	828330	827526	114592	30425	0.020855	0.00509	28013	2003	E.shockleyi
p_009s_06	7	730482	729734	83990	22264	0.016887	0.003753	20857	1410	E.shockleyi
p_009s_12	7	315831	315475	65693	12356	0.018953	0.004862	11356	860	E.shockleyi
p_009s_13	7	666182	665501	108986	27409	0.022243	0.005498	25011	1558	E.shockleyi
p_009s_13r	7	198273	198081	49293	5650	0.025332	0.005496	4996	499	E.shockleyi
p_009s_14	7	347419	347081	33437	12731	0.009519	0.002089	12324	768	E.shockleyi
p_009s_15	7	1043281	1042212	157207	39722	0.025602	0.006188	35824	2048	E.shockleyi
p_010s_01	7	1199808	1198630	115078	43424	0.017316	0.003798	40699	2144	E.shockleyi
p_010s_02	7	367500	367155	43049	14871	0.01318	0.002828	14109	875	E.shockleyi
p_010s_03	7	307275	306975	13683	5665	0.008755	0.001534	5475	37	E.shockleyi
p_010s_09	7	1041531	1040464	61791	32977	0.011853	0.002444	31587	1105	E.shockleyi
p_010s_11	7	416696	416239	72102	14745	0.020062	0.004603	13538	1024	E.shockleyi
p_010s_13	7	620466	619795	73417	24491	0.015088	0.003624	23139	1429	E.shockleyi
p_010s_14	7	461938	461486	30544	14772	0.01038	0.002001	14240	777	E.shockleyi
p_010s_15	7	816542	815657	112882	29885	0.020242	0.004979	27582	1320	E.shockleyi
p_011s_01	7	197352	197137	14910	5463	0.010463	0.001963	5242	40	E.shockleyi
p_011s_02	7	1188196	1187025	114865	41448	0.013035	0.002988	39508	1840	E.shockleyi
p_011s_08	7	801499	800694	85817	29315	0.016266	0.003606	27526	1616	E.shockleyi
p_011s_09	7	448257	447798	79756	16804	0.017634	0.004558	15600	1035	E.shockleyi
p_011s_10	7	1149577	1148417	77690	34320	0.013691	0.002634	32670	1659	E.shockleyi
p_011s_11	7	717358	716630	155064	25234	0.028485	0.007649	22073	1381	E.shockleyi
p_011s_14	7	225807	225559	70798	6937	0.028103	0.008976	5867	446	E.shockleyi
p_012s_03	7	689260	688566	76486	22042	0.017049	0.003463	20660	1629	E.shockleyi
p_012s_04	7	63610	63543	13945	2017	0.013207	0.002493	1905	65	E.shockleyi
p_012s_05	7	6185	6178	3300	110	0.016344	0.003253	100	22	E.shockleyi
p_012s_05r	7	363427	363058	30283	13322	0.010684	0.002152	12803	710	E.shockleyi
p_012s_06	7	557076	556486	62021	21729	0.01432	0.003178	20623	1217	E.shockleyi
p_012s_07	7	1005689	1004646	130400	37897	0.019803	0.004951	34997	2190	E.shockleyi
p_012s_09	7	1095103	1093991	71473	35291	0.012511	0.002693	33693	1458	E.shockleyi
p_012s_10	7	213626	213408	19738	6935	0.009054	0.001881	6698	323	E.shockleyi
p_012s_12	7	502500	501979	117659	17321	0.026616	0.007197	15216	1172	E.shockleyi
p_012s_15	7	141716	141578	20669	5467	0.011027	0.001954	5222	551	E.shockleyi
p_013s_01	7	90376	90301	21690	4111	0.015903	0.003575	3839	275	E.shockleyi
p_013s_01r	7	821538	820643	64064	26811	0.013649	0.002809	25517	1199	E.shockleyi
p_013s_02	7	462054	461599	92477	16547	0.023045	0.006034	14905	1100	E.shockleyi
p_013s_05	7	100630	100529	15838	4459	0.010754	0.002157	4295	326	E.shockleyi
p_013s_05r	7	812953	812172	105604	33463	0.018004	0.00473	31170	1847	E.shockleyi
p_013s_07	7	611727	611079	95520	20554	0.02778	0.007353	17529	230	E.shockleyi
p_013s_08	7	801584	800778	47311	24482	0.011223	0.002091	23497	1168	E.shockleyi
p_013s_09	7	1908606	1906666	126862	48636	0.016412	0.003379	45788	2490	E.shockleyi
p_013s_13	7	443222	442727	40851	17126	0.011651	0.002458	16372	869	E.shockleyi
p_015s_03	7	489731	489225	64526	19816	0.015138	0.003829	18657	1226	E.shockleyi
p_015s_04	7	27471	27445	9308	883	0.013756	0.002674	837	65	E.shockleyi
p_015s_05	7	761991	761258	114951	26740	0.022248	0.005314	24387	1928	E.shockleyi
p_015s_06	7	823681	822912	104847	31199	0.018923	0.004642	28828	1777	E.shockleyi
p_015s_09	7	393115	392649	67551	16629	0.015957	0.004106	15621	945	E.shockleyi
p_015s_12	7	1166035	1164874	124959	44828	0.019162	0.004473	41787	2362	E.shockleyi
p_015s_13	7	1168644	1167457	163635	40792	0.023601	0.005607	37005	2285	E.shockleyi
p_015s_14	7	661478	660790	93270	24645	0.018747	0.004661	22825	1578	E.shockleyi
p_015s_15	7	152915	152760	40981	5159	0.023096	0.005687	4580	444	E.shockleyi
p_015s_15r	7	887149	886234	113631	32019	0.020373	0.004933	29568	2057	E.shockleyi
p_016s_01	7	574079	573471	89777	23001	0.019323	0.004996	21126	1465	E.shockleyi
p_016s_02	7	603061	602439	62123	21165	0.015146	0.003334	19938	1292	E.shockleyi
p_016s_03	7	609349	608725	107405	21233	0.022802	0.005849	19160	1444	E.shockleyi
p_016s_04	7	991685	990681	139326	39023	0.02118	0.005543	35835	2126	E.shockleyi
p_016s_05	7	197339	197139	25399	7837	0.010479	0.002356	7529	492	E.shockleyi
p_016s_06	7	454463	453998	70338	16377	0.017541	0.004349	15126	1163	E.shockleyi
p_016s_08	7	2378	2376	1351	41	0.000779	0.00076	41	6	E.shockleyi
p_016s_14	7	358556	358170	44309	13631	0.013347	0.002892	12926	762	E.shockleyi
p_016s_14r	7	355506	355140	33159	13573	0.008854	0.002074	13145	443	E.shockleyi
p_016s_15	7	547485	546928	99113	19351	0.023454	0.005817	17423	1411	E.shockleyi
p_017s_01	7	1020685	1019662	117960	36322	0.019	0.004565	33710	2057	E.shockleyi
p_017s_02	7	538695	538126	98547	20817	0.022533	0.006351	18880	1351	E.shockleyi
p_017s_03	7	532915	532428	102073	18474	0.022997	0.005917	16611	1326	E.shockleyi
p_017s_04	7	926212	925264	57643	28971	0.011704	0.002433	27785	1099	E.shockleyi
p_017s_05	7	760706	759947	108512	30481	0.01941	0.004924	28108	1801	E.shockleyi
p_017s_08	7	1196545	1195315	118007	45082	0.015457	0.003771	42475	2006	E.shockleyi
p_017s_10	7	56482	56428	19209	1694	0.02425	0.004629	1515	147	E.shockleyi
p_017s_15	7	741217	740447	87846	25266	0.017984	0.003905	23508	1555	E.shockleyi
p_018s_04	7	732284	731551	95876	27961	0.017831	0.004514	26028	1858	E.shockleyi
p_018s_06	7	368866	368529	67917	14478	0.020074	0.005108	13261	1043	E.shockleyi
p_019s_08	7	1055830	1054763	98803	36359	0.016247	0.00377	34096	1819	E.shockleyi
p_019s_13	7	599711	599078	47713	20268	0.013412	0.00262	19320	961	E.shockleyi
p_019s_13r	7	4182	4181	1530	114	0.007453	0.001008	111	4	E.shockleyi
p_019s_14	7	812521	811678	137443	32228	0.025736	0.006657	29136	1840	E.shockleyi
p_019s_15	7	1158041	1156857	118459	44164	0.017163	0.00406	41400	2272	E.shockleyi
p_020s_02	7	1006642	1005609	94369	36160	0.016396	0.003791	34030	1818	E.shockleyi
p_020s_03	7	221936	221722	33261	7282	0.012591	0.002842	6875	454	E.shockleyi
p_020s_04	7	1088904	1087734	104894	42305	0.016564	0.004037	39842	1871	E.shockleyi
p_020s_05	7	548590	548055	63512	20289	0.015341	0.003335	19070	1123	E.shockleyi
p_020s_07	7	25375	25352	5827	1149	0.010772	0.001877	1108	113	E.shockleyi
p_020s_14	7	670975	670262	105151	23488	0.020901	0.00514	21475	1430	E.shockleyi
p_021s_08	7	662975	662272	105347	22579	0.020798	0.005357	20607	1185	E.shockleyi
p_021s_11	7	682142	681457	92026	24570	0.018704	0.004442	22797	1454	E.shockleyi
p_021s_12	7	457166	456685	71380	18125	0.017694	0.004374	16733	1141	E.shockleyi
p_023s_01	7	5341	5337	1841	177	0.010795	0.001657	174	12	E.shockleyi
p_023s_02	7	2213	2212	766	73	0.013073	0.001979	68	1	E.shockleyi
p_023s_03	7	307927	307587	72366	10855	0.022246	0.005834	9789	832	E.shockleyi
p_023s_04	7	841972	841142	54024	26811	0.012211	0.002442	25621	1226	E.shockleyi
p_023s_05	7	585089	584522	78253	21428	0.016873	0.003844	20029	1326	E.shockleyi
p_023s_07	7	15495	15473	8267	305	0.01952	0.00431	262	27	E.shockleyi
p_023s_08	7	773010	772256	102275	27759	0.019955	0.004672	25615	1745	E.shockleyi
p_023s_09	7	17578	17557	7965	376	0.025359	0.00386	327	25	E.shockleyi
p_023s_10	7	815150	814288	107761	32144	0.018526	0.004621	29837	1761	E.shockleyi
p_023s_11	7	656101	655427	39301	20943	0.01037	0.002223	20146	716	E.shockleyi
p_023s_12	7	1239754	1238509	103149	46777	0.015498	0.003179	44453	2338	E.shockleyi
p_023s_13	7	538732	538178	30331	16914	0.009329	0.002008	16348	600	E.shockleyi
p_023s_14	7	871492	870613	101428	33809	0.01672	0.00421	31627	1933	E.shockleyi
p_023s_15	7	1273457	1272138	128276	41107	0.020351	0.004477	38079	2385	E.shockleyi
p_024s_02	7	217292	217058	66389	4693	0.032475	0.006648	3877	497	E.shockleyi
p_024s_04	7	3313	3307	1863	69	0.004833	0.001502	68	17	E.shockleyi
p_024s_04r	7	698677	697959	31985	19055	0.009084	0.001525	18444	693	E.shockleyi
p_024s_06	7	259572	259315	49538	10842	0.016291	0.004381	10122	667	E.shockleyi
p_024s_07	7	1043524	1042462	76551	37663	0.014447	0.003095	35846	1297	E.shockleyi
p_024s_08	7	14523	14509	1551	431	0.01797	0.00252	400	1	E.shockleyi
p_024s_09	7	250696	250444	66251	9133	0.023201	0.007039	8148	557	E.shockleyi
p_024s_10	7	909098	908196	105133	32116	0.018622	0.004281	29891	1991	E.shockleyi
p_024s_12	7	507989	507469	79981	20574	0.017881	0.004566	19073	1234	E.shockleyi
p_024s_13	7	16210	16190	5812	513	0.010683	0.001955	491	44	E.shockleyi
p_024s_14	7	1234194	1232907	110453	43436	0.016459	0.003684	40999	2134	E.shockleyi
p_024s_15	7	54354	54296	10357	1690	0.010534	0.001943	1621	98	E.shockleyi
p_025s_01	7	10143	10133	4535	262	0.021753	0.003344	234	37	E.shockleyi
p_025s_02	7	219382	219152	20462	9840	0.010425	0.002235	9486	391	E.shockleyi
p_025s_04	7	802176	801384	118370	29828	0.020933	0.005218	27397	1964	E.shockleyi
p_025s_05	7	405031	404619	16599	9760	0.008004	0.001285	9492	300	E.shockleyi
p_025s_06	7	921955	921005	46934	24004	0.010486	0.00197	23034	906	E.shockleyi
p_025s_07	7	750795	749995	89134	23518	0.017101	0.004052	21960	1503	E.shockleyi
p_025s_08	7	438116	437708	59624	17145	0.015372	0.003669	16034	1074	E.shockleyi
p_025s_09	7	1395322	1393872	129590	50571	0.01806	0.003902	47345	2506	E.shockleyi
p_025s_10	7	701320	700614	115712	26824	0.021609	0.005847	24372	1754	E.shockleyi
p_025s_11	7	20523	20495	7004	734	0.017268	0.0031	681	60	E.shockleyi
p_025s_12	7	1084797	1083661	115233	33366	0.017011	0.003687	31137	1466	E.shockleyi
p_025s_14	7	9661	9653	3139	248	0.0085	0.001879	238	23	E.shockleyi
p_025s_15	7	143394	143267	23258	4682	0.011444	0.002528	4449	309	E.shockleyi
p_026s_06	7	382432	382069	92599	13747	0.024358	0.006361	12224	903	E.shockleyi
p_026s_07	7	201437	201239	55603	5000	0.029683	0.005861	4286	554	E.shockleyi
p_026s_09	7	601942	601333	107555	21122	0.024731	0.005973	18935	1478	E.shockleyi
p_026s_10	7	1065600	1064511	129806	37886	0.020776	0.004592	35011	2261	E.shockleyi
p_026s_11	7	439874	439443	57288	9290	0.019644	0.00474	8464	4	E.shockleyi
p_026s_12	7	648274	647610	77063	25356	0.016201	0.004074	23783	1552	E.shockleyi
p_026s_12r	7	586140	585519	88984	22565	0.01881	0.004837	20794	1529	E.shockleyi
p_026s_14	7	724774	724041	105454	27471	0.020459	0.005199	25114	1420	E.shockleyi
p_026s_14r	7	655795	655116	45725	21207	0.011436	0.002222	20291	1125	E.shockleyi
p_027s_01	7	994059	993017	130059	35190	0.020862	0.005169	32319	2184	E.shockleyi
p_027s_02	7	739255	738527	115807	28449	0.021334	0.005035	26135	1819	E.shockleyi
p_027s_03	7	592526	591958	99126	20258	0.022341	0.005733	18428	1567	E.shockleyi
p_027s_05	7	275657	275414	43713	10789	0.014772	0.003708	10110	744	E.shockleyi
p_027s_06	7	1124358	1123227	109363	38623	0.018063	0.00413	36041	2217	E.shockleyi
p_027s_06r	7	578457	577832	92232	21270	0.019572	0.004951	19575	1631	E.shockleyi
p_027s_07	7	515854	515376	88526	18181	0.021872	0.005357	16516	1260	E.shockleyi
p_027s_12	7	276037	275744	45170	12636	0.014639	0.003296	11919	709	E.shockleyi
p_027s_15	7	17975	17965	5199	691	0.010394	0.001606	661	86	E.shockleyi
p_029s_01	7	507930	507406	100956	20183	0.022618	0.005594	18276	1402	E.soredium
p_029s_03	7	122532	122413	46123	3060	0.027007	0.007623	2617	190	E.soredium
p_029s_06	7	1166047	1164902	139424	36336	0.023209	0.00522	33192	2437	E.soredium
p_029s_07	7	956817	955889	140349	35356	0.022527	0.005418	32350	2196	E.soredium
p_029s_08	7	490040	489484	83879	19429	0.021022	0.00512	17842	1262	E.soredium
p_029s_10	7	711638	710916	127215	28151	0.016823	0.004914	26126	1614	E.soredium
p_030s_08	7	213205	212992	39958	8384	0.017916	0.003632	7765	706	E.shockleyi
p_030s_10	7	476235	475723	16666	10063	0.007648	0.001286	9772	369	E.shockleyi
p_030s_11	7	470867	470393	96348	19297	0.020216	0.00567	17565	1068	E.shockleyi
p_030s_11r	7	195057	194847	33424	7685	0.015461	0.003153	7200	569	E.shockleyi
p_030s_12	7	88927	88816	17013	3112	0.012824	0.002904	2975	10	E.shockleyi
p_030s_14	7	467251	466726	94987	16854	0.023547	0.00585	15232	1282	E.shockleyi
p_031s_02	7	349458	349123	93356	12469	0.026331	0.007066	11053	909	E.soredium
p_031s_03	7	28470	28443	2283	1000	0.004848	0.000977	987	4	E.soredium
p_031s_05	7	516507	515975	72568	19392	0.017439	0.003938	18093	1189	E.soredium
p_031s_06	7	232333	232132	55709	8130	0.021924	0.005513	7294	661	E.soredium
p_031s_07	7	237897	237689	65466	8733	0.023861	0.007047	7788	683	E.soredium
p_031s_08	7	299972	299672	71405	9884	0.024819	0.005993	8808	738	E.soredium
p_031s_09	7	533462	532933	102571	19578	0.023942	0.006093	17648	1429	E.soredium
p_031s_10	7	138997	138842	9533	3145	0.019105	0.005103	2878	3	E.soredium
p_031s_11	7	1311496	1310172	124775	47205	0.015922	0.003764	44324	2312	E.soredium
p_031s_12	7	454801	454317	75700	17782	0.019766	0.004615	16334	1221	E.soredium
p_032s_01	7	3321	3319	516	102	0.001818	0.000845	100	9	E.shockleyi
p_032s_02	7	526558	526025	52804	21178	0.0162	0.002648	20197	9	E.shockleyi
p_032s_03	7	531304	530754	87230	19959	0.020494	0.004977	18336	1291	E.shockleyi
p_032s_08	7	150319	150161	23707	7282	0.013225	0.002961	6898	503	E.shockleyi
p_032s_09	7	625443	624789	108842	23934	0.0221	0.005862	21759	1605	E.shockleyi
p_032s_15	7	9137	9134	2018	356	0.00468	0.000887	352	2	E.shockleyi
p_1027s_02	7	510239	509751	63156	21331	0.015616	0.003779	20070	1055	E.shockleyi
p_1027s_03	7	493243	492724	100730	18877	0.023145	0.006476	16941	1327	E.shockleyi
p_1027s_04	7	452177	451765	59752	19267	0.015525	0.003875	18126	1192	E.shockleyi
p_1027s_06	7	63535	63479	25167	1675	0.028797	0.007665	1425	141	E.shockleyi
p_1027s_09	7	222961	222734	39121	9271	0.015027	0.00368	8700	680	E.shockleyi
p_1027s_11	7	3547	3542	2209	52	0.007854	0.002122	51	10	E.shockleyi
p_1027s_12	7	356856	356481	44108	15247	0.013419	0.003059	14471	978	E.shockleyi
p_1027s_12r	7	490501	490004	94913	19008	0.022861	0.006077	17161	1237	E.shockleyi
p_1027s_13	7	47324	47269	4123	1270	0.007121	0.001271	1238	12	E.shockleyi
p_1027s_14	7	140851	140707	16651	6209	0.009147	0.001987	5995	386	E.shockleyi
p_1027s_16	7	9159	9148	5625	141	0.019042	0.006077	122	24	E.shockleyi
p_1027s_18	7	372843	372434	85111	13468	0.022636	0.006312	12147	1029	E.shockleyi
p_1027s_19	7	682254	681568	27473	16632	0.008852	0.001488	16125	639	E.shockleyi
p_1027s_20	7	701657	700963	83392	28222	0.016887	0.003903	26461	1699	E.shockleyi
